# Boa LMR criticality coefficients
# Generated: 2026-06-22 (200-game shadow-only baseline)
# Rows: ~45000  |  Test AUC: ~0.82  |  Threshold: P97
# Feature count: 27
intercept = -4.531881428371637
threshold = -4.54967678864419
root_depth = -0.15287501260142725
ply = 0.7358386469847172
depth = -0.8737141825790382
move_index = -1.0436997586107006
base_reduction = -0.5137121726231821
final_reduction = 1.544485099792215
new_depth = -2.1590499687906473
history_score = 1.5560166505979942
static_eval = 5.739198384264096
has_prev_static_eval = -0.3168672134446811
prev_static_eval = 1.9017662590899709
static_eval_delta = 4.004276897688178
alpha = -4.994272043215292
beta = -0.38222723488073906
is_pv = 0.5840840760626926
is_cut_node = -0.5840840760626927
improving = 0.44759612422362094
is_killer = 0.0
is_counter = -1.9474856853423106
tt_move_agreement = 0.0
side_to_move_black = -0.011544318219468804
piece_pawn = 0.29564766154423583
piece_knight = -0.10805881020173888
piece_bishop = -0.05918040226942284
piece_rook = -0.12370765763789955
piece_queen = -0.29507532380763435
piece_king = 0.13015650867369016
---
